% copy-paste data from observations table
% ID and dance_angle (all waggle runs averaged)
data_dance_angle = [
133	-8.5020146815588300
133	-5.1498575586274800
133	-5.3569782987032600
149	7.1046713125860500
149	14.1742677560802000
149	9.0937482419680600
149	4.3627681873314500
149	6.9478506586602500
149	4.7839497178770000
149	5.6630038674331700
152	7.8648395604556000
152	-0.2545889399555500
152	3.4031810536900500
159	8.9512682585942500
159	3.3772206917230500
159	3.9826220958335500
159	12.3807840982204000
159	5.7442695982647000
159	-7.7845821614088800
159	-9.9000576885347700
159	-8.0001659859889100
165	-4.5727255107424600
169	-9.4505703218931100
169	-12.0473282788950000
169	-10.1057502299976000
169	-20.1798580729521000
169	-15.0338835191892000
170	11.9164516929180000
174	10.4337903615051000
175	5.9183159262932500
175	6.1878318889601300
176	2.3184152539710500
176	1.2570306907892500
176	2.4910101601835500
176	-9.0606107931044900
176	-13.3775995549644000
176	1.9824083788993000
176	-10.1106227610540000
176	-11.0230572564157000
176	3.0393780552115900
181	-5.6612022362450900
181	-2.4804546798493500
181	4.1948186321397300
181	-7.6018062794754300
181	-3.7812148566160900
181	-8.7757258645858500
181	-11.8413185262423000
181	-17.3020351555671000
181	-12.3308971348401000
181	-17.8888449417743000
181	-9.0933336167326500
181	-16.7678558441869000
181	-17.2899784295074000
181	-14.3808823384846000
182	18.4826541269941000
182	5.1815307802285900
182	10.8588410962252000
182	0.8281242664457050
182	7.0905975230882700
182	-3.4339441707407000
182	-3.9831016040773900
182	6.2563368444412600
182	-2.0813545655412500
182	8.9908328728476700
183	-0.0759506860829005
183	1.7969235302547500
183	-3.2446773115931200
183	-1.5520458425015200
183	-4.6282300649928800
183	-13.3573702057932000
183	-13.3573702057932000
183	-14.8551475537067000
184	-1.4294160757409600
184	4.5283903899724000
188	-1.9714173548580300
188	-2.5854959418114900
189	-11.1175378582966000
189	5.9895931560941000
189	5.5413478394772500
189	12.1612895840602000
233	-1.9461414573511500
276	-4.5280725901564500
276	10.7582921152624000
276	3.3443529752983000
276	2.7748746085273000
276	7.1388420235624500
276	1.0394730240860500
276	-0.7865676862455500
276	0.3670245262862000
276	-2.7752647128947000
276	-0.1963264203701010]

%ID waggle_duration (in seconds, averaged)
data_waggle_duration = [
133	0.455909090909091
133	0.451666666666667
133	0.456300000000000
149	0.556083333333333
149	0.591307692307692
149	0.492000000000000
149	0.506250000000000
149	0.403666666666667
149	0.522800000000000
149	0.410210526315789
152	0.461428571428572
152	0.366875000000000
152	0.450666666666667
159	0.366250000000000
159	0.382400000000000
159	0.476666666666667
159	0.382300000000000
159	0.366000000000000
159	0.406800000000000
159	0.422166666666667
159	0.393250000000000
165	0.433076923076923
169	0.382857142857143
169	0.388538461538462
169	0.424500000000000
169	0.381555555555556
169	0.387500000000000
170	0.618333333333333
174	0.358750000000000
175	0.415333333333333
175	0.330000000000000
176	0.682000000000000
176	0.535538461538462
176	0.567125000000000
176	0.399625000000000
176	0.494250000000000
176	0.533600000000000
176	0.409058823529412
176	0.599642857142857
176	0.406888888888889
181	0.438650000000000
181	0.354500000000000
181	0.301666666666667
181	0.456666666666667
181	0.401200000000000
181	0.309363636363636
181	0.337272727272727
181	0.322090909090909
181	0.332400000000000
181	0.340000000000000
181	0.250500000000000
181	0.316000000000000
181	0.391300000000000
181	0.313571428571429
182	0.330250000000000
182	0.398277777777778
182	0.409050000000000
182	0.286300000000000
182	0.263200000000000
182	0.418375000000000
182	0.378428571428571
182	0.314076923076923
182	0.385052631578947
182	0.297500000000000
183	0.597687500000000
183	0.578000000000000
183	0.546000000000000
183	0.482272727272727
183	0.464200000000000
183	0.389875000000000
183	0.389875000000000
183	0.441500000000000
184	0.311857142857143
184	0.292000000000000
188	0.369000000000000
188	0.399611111111111
189	0.482285714285714
189	0.470000000000000
189	0.373250000000000
189	0.502133333333333
233	0.448600000000000
276	0.537142857142857
276	0.626166666666667
276	0.662300000000000
276	0.516500000000000
276	0.672333333333333
276	0.642200000000000
276	0.599625000000000
276	0.515750000000000
276	0.408076923076923
276	0.417727272727273]